6
5
9
8
6
6
8
6
6
7
6
7
6
6
6
6
6
8
6
8
9
9
6
7
7
9
6
5
6
9
6
6
7
6
9
6
5
8
6
7
6
9
6
6
8
7
7
6
6
9
7
9
6
6
7
6
6
7
6
9
6
7
8
6
7
6
6
6
6
6
5
6
6
7
6
6
6
6
9
6
6
8
9
8
6
8
7
6
6
7
7
7
7
5
6
9
6
8
7
6
6
6
8
5
5
8
7
6
7
7
6
8
7
6
6
7
7
6
7
8
6
5
8
6
8
8
6
7
6
6
6
9
6
9
8
6
8
5
8
9
6
6
6
8
6
7
8
7
6
6
10
7
9
8
6
7
6
6
7
7
7
6
8
6
6
6
7
9
8
7
8
7
8
5
6
7
5
5
6
6
6
6
7
6
7
6
6
5
7
7
6
7
6
6
6
6
9
7
6
9
11
6
6
7
10
6
9
6
7
6
7
8
8
7
6
6
5
5
7
7
6
6
6
6
5
7
6
7
7
6
9
6
5
6
8
5
6
6
6
6
10
6
8
7
7
6
8
7
8
6
6
10
7
6
6
6
8
5
10
8
6
6
7
6
7
7
6
6
8
6
6
6
10
9
11
8
7
7
8
7
9
6
7
8
6
7
8
9
7
7
6
8
6
7
7
7
6
8
8
6
6
8
6
7
6
6
6
6
6
6
7
9
6
6
8
8
7
8
7
7
4
6
9
6
8
8
7
6
6
7
6
7
6
8
7
6
6
6
6
9
9
6
7
