33D32945 STP File, STP Format Version 1.0
SECTION Comment
Name "3k{almost_done_shizzle_up_my_nizzle}"
END

SECTION Graph
Nodes 144
Edges 116
E 1 2 1
E 2 3 1
E 3 5 1
E 4 5 1
E 6 8 1
E 7 8 1
E 8 9 1
E 8 10 1
E 11 12 1
E 13 14 1
E 13 15 1
E 15 16 1
E 14 16 1
E 15 17 1
E 18 20 1
E 19 20 1
E 20 21 1
E 22 23 1
E 23 24 1
E 24 25 1
E 25 26 1
E 27 28 1
E 28 29 1
E 29 30 1
E 30 31 1
E 32 33 1
E 33 34 1
E 34 35 1
E 36 37 1
E 36 38 1
E 38 39 1
E 38 40 1
E 40 41 1
E 42 43 1
E 44 45 1
E 44 46 1
E 46 47 1
E 46 48 1
E 49 50 1
E 49 51 1
E 50 52 1
E 51 53 1
E 53 54 1
E 52 54 1
E 55 56 1
E 57 58 1
E 57 59 1
E 59 60 1
E 61 62 1
E 60 62 1
E 63 65 1
E 64 66 1
E 65 66 1
E 65 67 1
E 66 68 1
E 69 70 1
E 70 71 1
E 70 72 1
E 72 74 1
E 73 74 1
E 74 75 1
E 76 77 1
E 77 78 1
E 78 79 1
E 79 80 1
E 81 82 1
E 82 83 1
E 83 84 1
E 84 85 1
E 86 87 1
E 87 88 1
E 88 89 1
E 90 91 1
E 90 92 1
E 92 93 1
E 92 94 1
E 94 95 1
E 96 97 1
E 98 101 1
E 99 101 1
E 98 100 1
E 99 102 1
E 100 103 1
E 102 104 1
E 105 107 1
E 106 107 1
E 107 108 1
E 109 110 1
E 111 113 1
E 111 114 1
E 112 115 1
E 113 116 1
E 114 117 1
E 115 117 1
E 118 119 1
E 119 120 1
E 119 121 1
E 121 123 1
E 122 123 1
E 123 124 1
E 125 126 1
E 126 127 1
E 127 128 1
E 128 129 1
E 130 131 1
E 131 132 1
E 132 133 1
E 133 134 1
E 135 136 1
E 136 137 1
E 137 138 1
E 139 140 1
E 139 141 1
E 141 142 1
E 141 143 1
E 143 144 1
END

SECTION Coordinates
DD 1 5 5
DD 2 55 5
DD 3 5 55
DD 4 5 105
DD 5 55 105
DD 6 65 5
DD 7 115 5
DD 8 65 55
DD 9 65 105
DD 10 115 105
DD 11 125 55
DD 12 175 55
DD 13 185 5
DD 14 235 5
DD 15 185 55
DD 16 235 55
DD 17 185 105
DD 18 245 5
DD 19 295 5
DD 20 270 55
DD 21 270 105
DD 22 355 5
DD 23 405 5
DD 24 380 55
DD 25 355 105
DD 26 405 105
DD 27 415 5
DD 28 465 5
DD 29 440 55
DD 30 415 105
DD 31 455 105
DD 32 475 5
DD 33 475 55
DD 34 475 105
DD 35 525 105
DD 36 535 5
DD 37 585 5
DD 38 535 55
DD 39 585 55
DD 40 535 105
DD 41 585 105
DD 42 595 105
DD 43 645 105
DD 44 655 5
DD 45 705 5
DD 46 655 55
DD 47 705 55
DD 48 655 105
DD 49 715 5
DD 50 765 5
DD 51 715 55
DD 52 765 55
DD 53 715 105
DD 54 765 105
DD 55 775 105
DD 56 825 105
DD 57 835 5
DD 58 885 5
DD 59 835 55
DD 60 885 55
DD 61 835 105
DD 62 885 105
DD 63 895 5
DD 64 945 5
DD 65 895 55
DD 66 945 55
DD 67 895 105
DD 68 945 105
DD 69 955 5
DD 70 980 5
DD 71 1005 5
DD 72 980 55
DD 73 955 105
DD 74 980 105
DD 75 1005 105
DD 76 1015 5
DD 77 1065 5
DD 78 1040 55
DD 79 1015 105
DD 80 1065 105
DD 81 1075 5
DD 82 1125 5
DD 83 1100 55
DD 84 1075 105
DD 85 1125 105
DD 86 1135 5 
DD 87 1135 55
DD 88 1135 105
DD 89 1185 105
DD 90 1195 5
DD 91 1245 5
DD 92 1195 55
DD 93 1245 55
DD 94 1195 105
DD 95 1245 105
DD 96 1255 105
DD 97 1305 105
DD 98 1315 5
DD 99 1365 5
DD 100 1315 55
DD 101 1340 55
DD 102 1365 55
DD 103 1315 55
DD 104 1365 105
DD 105 1375 5
DD 106 1425 5
DD 107 1400 55
DD 108 1400 105
DD 109 1435 105
DD 110 1485 105
DD 111 1495 5
DD 112 1545 5
DD 113 1495 5
DD 114 1520 55
DD 115 1545 55
DD 116 1495 105
DD 117 1545 105
DD 118 1555 105
DD 119 1580 5
DD 120 1605 5
DD 121 1580 55
DD 122 1555 105
DD 123 1580 105
DD 124 1605 105
DD 125 1615 5
DD 126 1665 5
DD 127 1640 5
DD 128 1615 105
DD 129 1665 105
DD 130 1675 5
DD 131 1725 5
DD 132 1700 55
DD 133 1675 105
DD 134 1725 105
DD 135 1735 5
DD 136 1735 55
DD 137 1735 105
DD 138 1785 105
DD 139 1795 5
DD 140 1845 5
DD 141 1795 55
DD 142 1845 55
DD 143 1795 105
DD 144 1845 105
END

EOF
